2018,250,801,0,-2.049419,2.133407,303.9503,368.5869,-0.01804937,0.01886494,-0.5778105,-0.006518923,10.93931,-3.295017,1.412271,301.5485,371.2147,-0.04416443,0.0187862,-0.9422796,-0.0140334,11.50262,11.88
2018,250,802,0,-2.082525,2.159515,303.1466,368.5804,-0.01812829,0.01917448,-0.584802,-0.006541485,10.93844,-3.379018,1.436758,300.5341,371.063,-0.04531792,0.01927572,-0.9533862,-0.01385355,11.47167,11.87
2018,250,803,0,-2.145505,2.221858,302.3127,368.3327,-0.01869628,0.0196356,-0.5917227,-0.008330083,10.92629,-3.481534,1.490338,299.8682,370.9289,-0.04647635,0.01981558,-0.9636066,-0.01624957,11.48453,11.87
2018,250,804,0,-2.268306,2.127054,302.0645,368.3697,-0.01986622,0.01874129,-0.5938436,-0.00784637,10.92558,-3.57521,1.443502,299.4513,370.9614,-0.0477138,0.01919126,-0.9690294,-0.01560837,11.47769,11.88
2018,250,805,0,-2.258771,2.179237,301.9325,368.3823,-0.01997316,0.01938258,-0.5948976,-0.00759329,10.92066,-3.596321,1.490767,299.2349,370.8491,-0.04818645,0.01987755,-0.9696912,-0.01527658,11.44917,11.88
2018,250,806,0,-2.186225,2.225037,301.9349,368.296,-0.01931498,0.01974807,-0.5945964,-0.008048845,10.91641,-3.551154,1.483164,299.3532,370.7873,-0.0474775,0.02006868,-0.9682575,-0.01614268,11.4516,11.88
2018,250,807,0,-2.337636,2.132758,302.0769,368.3731,-0.02050721,0.01882546,-0.5932298,-0.00719946,10.91386,-3.616101,1.428297,299.4859,370.8522,-0.04834324,0.01945541,-0.9659312,-0.01439892,11.44363,11.88
2018,250,808,0,-2.152497,2.22376,301.9096,368.4366,-0.01889309,0.01978178,-0.5951294,-0.007064519,10.92205,-3.451987,1.479785,299.4292,371.0302,-0.04604874,0.01980427,-0.968694,-0.01411779,11.47225,11.89
2018,250,809,0,-2.177939,2.263835,302.1241,368.3327,-0.01928673,0.02019229,-0.5930684,-0.007801312,10.91673,-3.501763,1.565434,299.6258,370.9333,-0.04698786,0.02049039,-0.9664233,-0.015552,11.47698,11.89
2018,250,810,0,-2.155031,2.230747,302.8769,368.4797,-0.01904485,0.01982667,-0.5863745,-0.006755129,10.92334,-3.42623,1.491591,300.0406,370.8066,-0.04573914,0.01993353,-0.9573779,-0.01423583,11.43069,11.89
2018,250,811,0,-2.063432,2.288037,303.6663,368.5432,-0.01799326,0.02039499,-0.5799578,-0.00655272,10.93251,-3.330486,1.524521,301.1028,371.1051,-0.04473285,0.02074934,-0.9469945,-0.014101,11.48151,11.89
2018,250,812,0,-2.076158,2.302671,304.5139,368.4287,-0.01840386,0.02032186,-0.5722126,-0.007132058,10.92383,-3.453274,1.555746,302.106,371.0479,-0.04611089,0.02089558,-0.9337371,-0.01493907,11.48582,11.89
2018,250,813,0,-2.203394,2.18176,305.4909,368.5463,-0.01929239,0.01931489,-0.5636809,-0.006361425,10.9265,-3.457464,1.559952,303.1357,371.1175,-0.04612175,0.02054667,-0.9201007,-0.01394902,11.48549,11.88
2018,250,814,0,-2.153141,2.088878,306.3305,368.7843,-0.0189044,0.0186288,-0.5570527,-0.005101545,10.94376,-3.301362,1.505529,303.8383,371.2803,-0.04424901,0.01979872,-0.9104205,-0.01150238,11.48104,11.88
2018,250,815,0,-1.774564,2.270856,306.7417,368.9036,-0.01550716,0.02011374,-0.5542585,-0.004904693,10.96425,-3.072248,1.584437,304.2505,371.2412,-0.04110493,0.02096869,-0.9050059,-0.01216611,11.4807,11.88
2018,250,816,0,-1.955906,2.109248,307.1845,368.9215,-0.01721146,0.01864013,-0.550823,-0.005095944,10.97417,-3.180697,1.519882,304.8163,371.4658,-0.04237057,0.02024315,-0.8999627,-0.01181741,11.51957,11.89
2018,250,817,0,-1.756105,2.260031,307.1689,368.9761,-0.01544522,0.01980994,-0.5516577,-0.00534902,10.98773,-3.07519,1.570507,304.7178,371.385,-0.04087416,0.02079987,-0.9010933,-0.01282415,11.51719,11.89
2018,250,818,0,-1.7001,2.288008,306.6911,368.8542,-0.01506825,0.02019787,-0.5559111,-0.006367028,10.98875,-3.085291,1.564587,304.503,371.4886,-0.04106507,0.02082782,-0.9071943,-0.01439331,11.56394,11.89
2018,250,819,0,-1.918991,2.045609,306.248,368.9168,-0.01690201,0.01813381,-0.5601063,-0.00628271,10.99615,-3.158316,1.416073,303.8938,371.6185,-0.0422466,0.01869065,-0.9158247,-0.01324038,11.5697,11.89
2018,250,820,0,-1.781562,2.126421,305.3611,368.9152,-0.01556902,0.01885381,-0.5686405,-0.006839571,11.00829,-3.070137,1.455319,302.9453,371.5988,-0.04109929,0.01938815,-0.9289103,-0.01374101,11.57386,11.89
2018,250,821,0,-1.629489,2.303301,304.4868,368.8151,-0.01437656,0.0204343,-0.5765982,-0.008138847,11.01303,-3.032999,1.521141,302.0031,371.3988,-0.04062673,0.02026556,-0.9408721,-0.01597396,11.56705,11.89
2018,250,822,0,-1.976894,2.139144,304.0264,368.6512,-0.01735201,0.01893253,-0.5799901,-0.008948795,11.00268,-3.287438,1.448566,301.286,371.0172,-0.04373156,0.01924188,-0.9465365,-0.01711014,11.51166,11.89
2018,250,823,0,-2.018252,2.163322,303.998,368.6031,-0.01763886,0.01921376,-0.579917,-0.009016293,10.99588,-3.386175,1.470507,301.4221,371.2148,-0.04532333,0.01950062,-0.9470202,-0.01686829,11.5458,11.89
2018,250,824,0,-2.112428,2.069161,304.382,368.7506,-0.01854449,0.01831951,-0.5769098,-0.008167001,11.00186,-3.346945,1.464605,301.8224,371.3222,-0.04501413,0.01947256,-0.9416407,-0.01543406,11.54364,11.89
2018,250,825,0,-1.966712,2.257488,304.7809,368.6237,-0.01720575,0.01992807,-0.5728518,-0.008667556,10.99177,-3.366761,1.530845,302.4025,371.2496,-0.0450533,0.02027117,-0.9348081,-0.01709888,11.55549,11.89
2018,250,826,0,-2.18432,2.190682,305.1823,368.3921,-0.01920252,0.01941625,-0.5682348,-0.00949439,10.96976,-3.561287,1.480213,302.9902,371.2213,-0.04767445,0.01982685,-0.9276717,-0.0182632,11.56631,11.89
2018,250,827,0,-2.377112,2.004256,305.7437,368.4794,-0.02089555,0.01781887,-0.562875,-0.008301973,10.95707,-3.630912,1.396245,303.1803,371.0469,-0.0485238,0.0186232,-0.9203773,-0.01578275,11.49742,11.89
2018,250,828,0,-1.995975,2.142952,305.8656,368.594,-0.01753755,0.01905619,-0.562062,-0.00773947,10.96271,-3.284049,1.440964,303.3457,371.0677,-0.04396761,0.01925305,-0.917577,-0.0150121,11.48978,11.89
2018,250,829,0,-1.986432,2.162679,305.7852,368.4367,-0.01744757,0.01913495,-0.5621526,-0.008307562,10.94861,-3.270971,1.413961,303.3693,370.9631,-0.04387203,0.01884247,-0.9172179,-0.01649138,11.48975,11.89
2018,250,830,0,-1.95335,2.14614,305.7123,368.5745,-0.01725637,0.01898876,-0.5626656,-0.007013912,10.94881,-3.229205,1.401305,303.3141,371.208,-0.04318592,0.01861191,-0.9191998,-0.01442718,11.50706,11.89
2018,250,831,0,-1.985156,2.213577,305.3506,368.3412,-0.01736317,0.01973676,-0.5652002,-0.008352546,10.93281,-3.327507,1.443073,303.009,370.9482,-0.04446816,0.01925304,-0.9221492,-0.01671634,11.4921,11.89
2018,250,832,0,-2.160776,2.09524,305.1205,368.3996,-0.01900565,0.01867941,-0.566727,-0.007379522,10.92018,-3.383642,1.40637,302.6628,370.8749,-0.04523332,0.01858942,-0.9242232,-0.0150684,11.45314,11.89
2018,250,833,0,-2.097144,2.130866,304.8873,368.4576,-0.01844314,0.01876374,-0.568638,-0.006732672,10.91875,-3.320763,1.452781,302.5234,371.0637,-0.04443451,0.01917434,-0.9276295,-0.01410655,11.47631,11.88
2018,250,834,0,-2.160136,2.119415,304.4215,368.2871,-0.01899436,0.01876937,-0.5719906,-0.007452631,10.90381,-3.43638,1.446031,301.8558,370.7163,-0.04587444,0.01925872,-0.9332602,-0.01538335,11.42797,11.89
2018,250,835,0,-2.066591,2.167758,304.045,368.3549,-0.01821805,0.0191686,-0.5755024,-0.007160102,10.90645,-3.362095,1.509314,301.5909,370.9442,-0.04492922,0.02011353,-0.9387552,-0.01461268,11.45968,11.88
2018,250,836,0,-1.999172,2.144243,303.7543,368.2845,-0.01756581,0.01907323,-0.5781421,-0.007885776,10.9087,-3.293359,1.509333,301.2918,370.9562,-0.04402422,0.0199788,-0.943627,-0.01523721,11.47143,11.89
2018,250,837,0,-1.939364,2.176694,303.4101,368.2216,-0.01705398,0.01925322,-0.581084,-0.008178261,10.90443,-3.253697,1.484439,301.0403,370.8878,-0.04336054,0.01969195,-0.9469066,-0.0155522,11.46949,11.89
2018,250,838,0,-1.984538,2.247954,302.9801,368.0327,-0.01731833,0.01987192,-0.5839802,-0.008965707,10.88755,-3.327537,1.528743,300.5679,370.6339,-0.04442356,0.02029939,-0.9513661,-0.01732395,11.44347,11.89
2018,250,839,0,-2.159506,2.123239,302.809,368.0154,-0.01888192,0.01893254,-0.584884,-0.008678823,10.87454,-3.453268,1.50553,300.306,370.6503,-0.04609956,0.02000123,-0.9536973,-0.01628334,11.42752,11.89
2018,250,840,0,-2.05325,2.209136,302.5881,367.9924,-0.01790325,0.01964126,-0.586493,-0.008386347,10.8645,-3.38618,1.569246,300.2157,370.7183,-0.04526152,0.02085056,-0.9556047,-0.01609773,11.43819,11.89
2018,250,841,0,-2.064061,2.195132,302.6923,367.9825,-0.01803819,0.01960183,-0.5850627,-0.00787448,10.85426,-3.359587,1.540549,300.2318,370.5637,-0.04500266,0.02047928,-0.9529023,-0.01529899,11.4006,11.89
2018,250,842,0,-1.922159,2.26447,302.9162,367.968,-0.01696939,0.02006854,-0.5830563,-0.00813878,10.85636,-3.201755,1.595392,300.5386,370.6199,-0.04287063,0.02131157,-0.9494814,-0.01524264,11.40951,11.89
2018,250,843,0,-1.801921,2.265764,303.554,367.9892,-0.01594586,0.02007998,-0.5776114,-0.008031993,10.85849,-3.016969,1.592875,301.1636,370.6244,-0.04042431,0.02114866,-0.9407103,-0.0149953,11.40457,11.89
2018,250,844,0,-1.609124,2.304567,304.2218,368.254,-0.01420216,0.02036675,-0.5722824,-0.006243327,10.87087,-2.789946,1.640549,301.8527,370.9043,-0.03741496,0.02181227,-0.9328936,-0.01289725,11.42639,11.89
2018,250,845,0,-1.338714,2.508179,304.5017,368.0913,-0.01180611,0.02222293,-0.5697585,-0.007688873,10.87041,-2.687419,1.746042,302.2095,370.6313,-0.03608765,0.02317912,-0.9277215,-0.0157546,11.41709,11.89
2018,250,846,0,-1.689937,2.295666,304.88,368.1107,-0.01486592,0.02037244,-0.566058,-0.007132035,10.86094,-2.943124,1.670935,302.3558,370.6025,-0.03929372,0.02220045,-0.9232787,-0.01402784,11.38425,11.89
2018,250,847,0,-1.410618,2.415293,304.9923,368.1933,-0.01240236,0.02157617,-0.5654803,-0.006828329,10.86862,-2.684475,1.796682,302.5607,370.673,-0.03591904,0.02383729,-0.921774,-0.01411226,11.39967,11.89
2018,250,848,0,-1.293546,2.412116,305.1231,368.2505,-0.01140682,0.02128936,-0.5645701,-0.00662023,10.87656,-2.575194,1.846055,302.8482,370.8957,-0.0344117,0.02437167,-0.9206677,-0.01375793,11.43717,11.88
2018,250,849,0,-1.120482,2.375857,305.1241,368.3662,-0.009680075,0.02118819,-0.5652583,-0.006102782,10.89051,-2.354096,1.822432,302.6415,370.8939,-0.03165009,0.02434926,-0.9229826,-0.01293677,11.43045,11.88
2018,250,850,0,-0.9111452,2.445204,304.6978,368.3125,-0.007902657,0.02168872,-0.5691714,-0.006912719,10.89389,-2.191637,1.825802,302.2159,370.874,-0.02952388,0.02442794,-0.9290544,-0.01431478,11.44189,11.88
2018,250,851,0,-0.686534,2.455999,304.0298,368.3133,-0.006040838,0.02182915,-0.5751791,-0.007042024,10.89808,-1.94773,1.843508,301.4993,370.8973,-0.0261826,0.02459646,-0.9388557,-0.01412905,11.44242,11.88
2018,250,852,0,-0.5961866,2.414652,303.2906,368.1973,-0.005163421,0.02159863,-0.5818862,-0.008178232,10.90012,-1.841828,1.816511,300.8823,370.9401,-0.02471468,0.02426471,-0.9495467,-0.01587274,11.47608,11.88
2018,250,853,0,-0.3741287,2.533639,302.4387,368.006,-0.003234178,0.02236925,-0.5890306,-0.00973065,10.89379,-1.725794,1.816092,299.8657,370.608,-0.02323545,0.02428726,-0.9604209,-0.01731268,11.43808,11.88
2018,250,854,0,-0.4046715,2.490383,301.7313,368.03,-0.003571671,0.02204874,-0.5949109,-0.008763249,10.88299,-1.698374,1.856608,299.1819,370.7542,-0.02279682,0.02466421,-0.9701613,-0.01627219,11.44983,11.87
2018,250,855,0,-0.2723261,2.541923,301.1907,367.8501,-0.002277995,0.02243685,-0.5989721,-0.009888188,10.87041,-1.600059,1.890365,298.5981,370.5299,-0.02149753,0.02514232,-0.9764556,-0.01772337,11.42581,11.88
2018,250,856,0,-0.1329813,2.52919,300.7319,367.7735,-0.001040563,0.0224874,-0.6030314,-0.01043938,10.86878,-1.40933,1.90133,298.1208,370.511,-0.01887637,0.02524911,-0.9832699,-0.0183814,11.43149,11.88
2018,250,857,0,-0.04899349,2.435641,300.5266,367.9108,-0.0003318591,0.02163231,-0.6046643,-0.009353757,10.86678,-1.24898,1.887815,297.8969,370.6888,-0.01674452,0.02510271,-0.986284,-0.01603582,11.43254,11.89
2018,250,858,0,0.3645825,2.588983,300.1956,367.9195,0.003402898,0.02298785,-0.6080842,-0.009764353,10.87348,-0.8709102,1.973472,297.4275,370.5426,-0.01177797,0.02631764,-0.9906208,-0.01640704,11.40715,11.89
2018,250,859,0,0.6674446,2.723225,299.9213,367.9103,0.006170191,0.02416893,-0.6105397,-0.009753064,10.87514,-0.6156263,2.062496,297.1796,370.5826,-0.008330041,0.02759431,-0.9948577,-0.01680632,11.42125,11.89
2018,250,900,0,0.746987,2.702897,299.9606,367.8486,0.006637113,0.02403423,-0.6099678,-0.009708189,10.87306,-0.5776579,2.151976,297.3087,370.6307,-0.007852046,0.02869709,-0.9943411,-0.01716088,11.43558,11.88
