2018,250,1701,0,722.808,126.4752,343.037,449.4283,6.38959,1.11813,-0.7485257,0.1919452,21.55688,704.1877,125.6166,336.3834,448.4626,9.386671,1.674441,-1.228136,0.2660371,21.69577,11.87
2018,250,1702,0,705.5727,122.0189,342.368,450.9216,6.237336,1.078805,-0.7593141,0.2001757,21.65543,689.0789,122.426,335.149,449.9911,9.185405,1.631978,-1.25019,0.2806317,21.76904,11.76
2018,250,1703,0,767.6644,133.347,341.1847,452.9133,6.786227,1.17876,-0.7757896,0.2118631,21.76961,747.912,133.7767,334.4773,451.7516,9.969746,1.783142,-1.268047,0.2950961,21.88197,11.65
2018,250,1704,0,723.5328,125.2927,339.7511,451.8651,6.395968,1.107604,-0.7901867,0.2007386,21.80597,701.5055,125.0328,334.2341,451.041,9.350928,1.666339,-1.278349,0.2784906,21.97604,11.69
2018,250,1705,0,561.8511,95.92307,337.0154,446.7269,4.966657,0.8480162,-0.8058009,0.1640656,21.63828,547.305,95.6918,332.4777,447.0522,7.295492,1.275572,-1.298998,0.2283133,21.9391,11.75
2018,250,1706,0,547.2253,93.82178,336.3353,444.4881,4.837405,0.8293508,-0.8050753,0.1508494,21.50699,532.5592,93.36262,331.8735,444.7706,7.098784,1.244743,-1.297646,0.2074741,21.8164,11.78
2018,250,1707,0,649.8096,112.5171,338.8209,446.0766,5.744408,0.9947126,-0.7766017,0.1714149,21.38161,636.5038,112.6569,333.2559,446.3114,8.484669,1.501716,-1.272311,0.2346794,21.72898,11.82
2018,250,1708,0,665.621,114.2085,341.2879,451.245,5.884,1.00971,-0.7628215,0.2092888,21.53337,646.6017,114.591,334.4915,450.7463,8.61919,1.527464,-1.255727,0.2939161,21.72783,11.84
2018,250,1709,0,595.7239,102.2142,339.6899,449.794,5.266165,0.9036302,-0.7812513,0.1918891,21.62304,581.0281,102.3156,334.1724,449.3945,7.745262,1.363665,-1.267265,0.2686121,21.82385,11.84
2018,250,1710,0,581.0556,99.8942,339.7332,447.9866,5.136678,0.8830085,-0.7797835,0.1771481,21.60015,567.7241,100.0381,333.991,447.9048,7.567807,1.333536,-1.269699,0.2489631,21.82109,11.85
2018,250,1711,0,630.5897,108.5645,340.9629,451.1606,5.574609,0.9597948,-0.7767543,0.1973988,21.75166,616.9238,109.1359,334.0851,450.6995,8.223695,1.4549,-1.272697,0.2819757,21.87495,11.86
2018,250,1712,0,722.4818,125.2013,342.0852,455.151,6.386941,1.106678,-0.7789347,0.2206003,21.98441,705.1594,125.9607,334.4144,454.2639,9.399731,1.679129,-1.280965,0.316899,22.03698,11.86
2018,250,1713,0,688.1161,118.2194,342.1665,457.4165,6.082942,1.045188,-0.7926223,0.2262386,22.26496,670.6993,119.4148,334.2291,455.9539,8.940338,1.591884,-1.294764,0.3277992,22.18437,11.86
2018,250,1714,0,626.5347,107.3221,340.6544,453.6042,5.538578,0.9487494,-0.813164,0.18534,22.40315,611.3,108.8476,333.4184,452.524,8.148613,1.450883,-1.314977,0.2725146,22.30702,11.86
2018,250,1715,0,644.7322,110.0956,341.306,454.2692,5.699382,0.9733968,-0.8122997,0.186261,22.49899,629.9552,111.4784,334.071,453.3745,8.397343,1.486046,-1.314818,0.275875,22.4129,11.86
2018,250,1716,0,742.0242,128.3233,342.6393,458.1389,6.559567,1.134417,-0.8095052,0.2115107,22.67293,724.4501,129.4151,334.7578,456.6475,9.656775,1.725013,-1.315265,0.3097944,22.53603,11.86
2018,250,1717,0,768.2169,133.3672,342.6331,459.2102,6.791077,1.179079,-0.8171382,0.2134539,22.81709,748.2646,133.8866,335.137,457.8455,9.974165,1.784635,-1.32327,0.3123158,22.70502,11.86
2018,250,1718,0,770.2774,133.0943,343.281,460.7979,6.809303,1.176756,-0.819351,0.2193916,22.97135,749.6164,133.629,335.6769,459.2476,9.992185,1.781348,-1.324338,0.3228077,22.81022,11.86
2018,250,1719,0,777.1359,133.5662,343.7237,460.6598,6.869983,1.180854,-0.8223904,0.2113756,23.1048,757.9954,134.7848,335.5359,459.5327,10.10399,1.796625,-1.338928,0.3137408,22.97293,11.86
2018,250,1720,0,720.1534,122.8317,344.0606,462.1442,6.366224,1.085866,-0.8289309,0.2149109,23.28572,701.3472,124.1991,336.4592,460.9821,9.348818,1.655298,-1.338916,0.3210649,23.12776,11.86
2018,250,1721,0,653.2086,111.4885,341.5451,456.9582,5.774398,0.9855191,-0.8478821,0.1722739,23.22322,635.7416,112.0298,335.9436,456.3392,8.474358,1.493362,-1.348248,0.256727,23.15861,11.86
2018,250,1722,0,617.3372,105.1955,340.172,453.6357,5.457441,0.929956,-0.8490667,0.1538908,23.01322,602.1392,104.9895,336.0023,453.8398,8.026353,1.399313,-1.342464,0.2281741,23.097,11.85
2018,250,1723,0,654.6971,112.0555,340.0406,453.8381,5.787528,0.9906215,-0.8443881,0.1614465,22.90418,638.6614,111.9749,334.5572,454.1431,8.513256,1.492631,-1.353847,0.240233,22.99543,11.82
2018,250,1724,0,671.4054,114.6796,340.8044,455.6061,5.935128,1.013734,-0.839999,0.1748147,22.94711,653.5674,114.6217,334.3108,455.5578,8.711965,1.527744,-1.354633,0.2617077,22.96381,11.84
2018,250,1725,0,638.2463,108.8239,340.3457,454.7229,5.642126,0.9620655,-0.8448474,0.1663148,22.95975,623.8296,108.8204,334.0143,454.6404,8.315413,1.450559,-1.356362,0.2516282,22.93527,11.84
2018,250,1726,0,583.153,98.14357,339.3585,452.7799,5.155157,0.867651,-0.8504477,0.152422,22.90066,568.9459,98.09338,333.4686,453.0907,7.583903,1.307467,-1.361774,0.2327483,22.91326,11.85
2018,250,1727,0,547.6459,92.48996,339.4393,451.3871,4.841174,0.817808,-0.8470419,0.1427,22.84663,536.7934,92.87138,333.4736,451.7223,7.155468,1.237925,-1.358734,0.2174709,22.87368,11.85
2018,250,1728,0,580.5305,99.65454,339.6964,452.2533,5.131828,0.8810924,-0.8436168,0.1514877,22.82542,566.4872,99.00871,334.2029,452.1055,7.551005,1.319719,-1.344348,0.2274508,22.81449,11.86
2018,250,1729,0,536.8033,91.672,339.3406,448.8177,4.745409,0.8104311,-0.8362808,0.1314916,22.62522,526.7554,90.98226,334.1804,449.016,7.02175,1.212687,-1.331979,0.1988931,22.65112,11.85
2018,250,1730,0,604.6697,104.5605,340.4667,448.9485,5.345319,0.924309,-0.8143269,0.1445739,22.39277,591.313,103.1405,335.6702,449.3949,7.882063,1.374958,-1.303335,0.212678,22.54043,11.86
2018,250,1731,0,512.4916,87.04981,341.3136,448.8944,4.530426,0.7696778,-0.8059062,0.145288,22.37399,502.3491,86.68884,335.6142,449.2543,6.696251,1.155478,-1.296905,0.2179067,22.44908,11.86
2018,250,1732,0,701.2218,122.6871,344.6516,452.7529,6.199004,1.08452,-0.7792175,0.1763871,22.43224,686.8138,121.4558,338.1917,452.4141,9.155105,1.618904,-1.260401,0.2621436,22.42126,11.86
2018,250,1733,0,730.9626,127.0738,346.2128,457.8727,6.461777,1.123507,-0.7740145,0.2129189,22.59661,714.5989,126.4835,338.5225,457.0273,9.525368,1.686216,-1.26293,0.3168064,22.5103,11.86
2018,250,1734,0,667.7902,115.0477,345.0369,458.8458,5.903327,1.016915,-0.7971632,0.208896,22.84149,653.8891,115.3582,337.7089,457.9109,8.716179,1.537679,-1.286017,0.3163151,22.66706,11.86
2018,250,1735,0,653.5896,113.261,343.5459,457.046,5.777637,1.001289,-0.8133296,0.1897638,22.90129,640.7938,113.0787,337.4534,456.3307,8.541849,1.507221,-1.297667,0.2870182,22.77192,11.86
2018,250,1736,0,626.9449,108.0293,343.6484,454.8188,5.54221,0.9549456,-0.8132955,0.1693323,22.91752,613.8786,107.8671,337.5492,454.3899,8.183019,1.437779,-1.296073,0.2613407,22.76909,11.86
2018,250,1737,0,541.4979,92.89219,341.2261,450.5255,4.786864,0.8210658,-0.8256532,0.1406101,22.74006,531.2018,92.47925,337.1853,450.8516,7.080864,1.232703,-1.296703,0.2184794,22.71442,11.85
2018,250,1738,0,534.5593,91.54019,341.949,448.5463,4.725633,0.8091478,-0.810514,0.1317331,22.57451,525.4351,91.01668,337.1594,449.1092,7.003915,1.213269,-1.28514,0.2073369,22.56098,11.86
2018,250,1739,0,487.5887,82.5755,343.4414,448.8461,4.310307,0.7300574,-0.7945634,0.1370737,22.5222,480.27,82.52419,337.8108,449.3712,6.401842,1.099952,-1.269295,0.217962,22.47115,11.85
2018,250,1740,0,514.9485,89.28154,344.2452,448.9101,4.552218,0.7893162,-0.7877198,0.1373433,22.52671,506.6472,88.40823,338.6367,448.7056,6.753394,1.178465,-1.253743,0.2135146,22.41216,11.86
2018,250,1741,0,460.1159,78.77258,344.8491,446.297,4.067565,0.6965408,-0.7724707,0.1242504,22.33669,455.3126,78.99725,339.9233,446.9201,6.069485,1.052876,-1.230585,0.195514,22.33515,11.86
2018,250,1742,0,504.0406,86.3857,346.8567,448.4776,4.455691,0.7637452,-0.7567853,0.1416109,22.37329,497.4947,86.62922,340.8394,448.9146,6.631666,1.154773,-1.21689,0.2238148,22.31506,11.86
2018,250,1743,0,557.3215,96.56207,347.8649,449.8918,4.926936,0.8537717,-0.7498838,0.1521412,22.41203,550.5723,96.75236,342.0287,449.99,7.338995,1.289698,-1.201017,0.2382357,22.31547,11.87
2018,250,1744,0,552.6223,95.36068,348.6306,451.6528,4.885333,0.8429828,-0.7470057,0.1636931,22.48837,544.2211,95.64711,342.6977,451.2984,7.254439,1.275083,-1.192334,0.2551054,22.3207,11.86
2018,250,1745,0,518.0109,88.57069,349.3392,452.1021,4.579211,0.7828974,-0.7477996,0.1607825,22.62114,511.2547,89.57349,342.9281,451.8621,6.814952,1.193941,-1.19596,0.2560354,22.40474,11.86
2018,250,1746,0,446.6995,77.39455,346.6908,447.6644,3.948908,0.6842184,-0.7692223,0.1233229,22.58722,439.805,77.15894,341.9413,447.2078,5.862454,1.028382,-1.205373,0.197763,22.35686,11.86
2018,250,1747,0,373.3602,63.84704,345.628,443.2447,3.300448,0.5644416,-0.7623165,0.100402,22.27416,368.8444,62.97065,342.1225,443.7048,4.916679,0.839337,-1.194395,0.1597415,22.2461,11.86
2018,250,1748,0,348.0917,58.49585,347.1984,442.2895,3.077187,0.5171933,-0.736594,0.104011,22.04047,345.8036,58.24983,342.7379,443.4861,4.609371,0.7764308,-1.177178,0.1658745,22.12879,11.86
2018,250,1749,0,361.0783,62.21216,347.3309,441.6804,3.191904,0.5499049,-0.7300714,0.1039723,21.93521,358.4557,61.43272,343.0536,442.3238,4.778249,0.81896,-1.163484,0.1598375,22.00858,11.85
2018,250,1750,0,362.6907,62.57014,346.9213,439.0766,3.206287,0.5532831,-0.7200073,0.09465659,21.66919,359.1761,61.56466,343.6971,440.2341,4.787514,0.8206232,-1.143744,0.1431795,21.86532,11.84
2018,250,1751,0,346.827,59.31385,347.9204,438.9148,3.066069,0.5241658,-0.7025945,0.1017681,21.50666,344.5641,58.53339,343.7979,440.1939,4.593096,0.7802726,-1.129389,0.1556205,21.69677,11.83
2018,250,1752,0,384.1046,67.04664,348.3509,439.7379,3.395704,0.5928103,-0.6970972,0.1106846,21.474,382.4817,65.81331,344.1383,440.4897,5.098464,0.8772296,-1.117803,0.1666228,21.60637,11.84
2018,250,1753,0,404.5437,70.89873,348.6643,440.0002,3.576149,0.6269134,-0.6900809,0.1173512,21.38754,400.3437,69.47183,344.5327,440.8554,5.336491,0.9261102,-1.108046,0.1759257,21.54843,11.85
2018,250,1754,0,375.1294,65.42115,348.8893,441.0808,3.316088,0.5783679,-0.6879958,0.1270502,21.38622,372.5193,64.52068,344.0146,441.5617,4.965683,0.8599033,-1.11022,0.190252,21.4858,11.85
2018,250,1755,0,361.8918,62.9802,349.1408,441.736,3.199174,0.556745,-0.6878258,0.1304175,21.43068,360.4688,62.61046,343.9668,442.2189,4.804937,0.8345525,-1.111494,0.1981223,21.49695,11.86
2018,250,1756,0,373.0316,65.32006,349.3651,442.6867,3.297835,0.5775306,-0.691982,0.1330038,21.54665,371.417,65.19382,344.0509,443.0434,4.950972,0.8690731,-1.11492,0.2042675,21.55588,11.86
2018,250,1757,0,372.0019,66.36398,348.5518,441.1327,3.28862,0.5867306,-0.7015918,0.1169526,21.5925,369.4316,65.43262,344.0197,441.1408,4.924321,0.8722506,-1.11614,0.178417,21.56516,11.86
2018,250,1758,0,371.14,65.64501,348.4342,438.5594,3.280951,0.5805324,-0.6934265,0.1033424,21.41379,368.5181,64.65058,344.4043,439.0628,4.912268,0.8617922,-1.104064,0.157656,21.47554,11.86
2018,250,1759,0,373.4677,65.49991,349.0044,439.9715,3.30168,0.5790361,-0.6865048,0.1176107,21.37862,370.9949,64.63277,344.3634,440.4529,4.945278,0.8614817,-1.102151,0.1786873,21.44303,11.86
2018,250,1800,0,371.0539,65.37943,348.4568,438.3227,3.280167,0.5782241,-0.686114,0.108261,21.27456,368.1634,64.17321,344.7457,438.9934,4.90759,0.8554682,-1.09278,0.1636649,21.38734,11.86
